9.650000000000000000e+02 0.000000000000000000e+00 1.000000000000000000e+00 1.000000000000000000e+00 0.000000000000000000e+00 3.000000000000000000e+00 3.000000000000000000e+00 1.000000000000000000e+00 5.000000000000000000e+00 2.000000000000000000e+00
0.000000000000000000e+00 1.094000000000000000e+03 6.000000000000000000e+00 4.000000000000000000e+00 2.000000000000000000e+00 1.000000000000000000e+00 3.000000000000000000e+00 3.000000000000000000e+00 6.000000000000000000e+00 0.000000000000000000e+00
3.000000000000000000e+00 8.000000000000000000e+00 9.100000000000000000e+02 1.300000000000000000e+01 1.200000000000000000e+01 2.000000000000000000e+00 1.000000000000000000e+01 1.500000000000000000e+01 1.600000000000000000e+01 2.000000000000000000e+00
4.000000000000000000e+00 6.000000000000000000e+00 2.000000000000000000e+01 8.990000000000000000e+02 1.000000000000000000e+00 1.900000000000000000e+01 3.000000000000000000e+00 1.300000000000000000e+01 1.700000000000000000e+01 1.600000000000000000e+01
4.000000000000000000e+00 0.000000000000000000e+00 3.000000000000000000e+00 1.000000000000000000e+00 9.230000000000000000e+02 0.000000000000000000e+00 1.300000000000000000e+01 3.000000000000000000e+00 5.000000000000000000e+00 4.600000000000000000e+01
8.000000000000000000e+00 5.000000000000000000e+00 4.000000000000000000e+00 2.600000000000000000e+01 4.000000000000000000e+00 8.190000000000000000e+02 1.400000000000000000e+01 3.000000000000000000e+00 1.200000000000000000e+01 1.100000000000000000e+01
8.000000000000000000e+00 3.000000000000000000e+00 1.000000000000000000e+00 1.000000000000000000e+00 7.000000000000000000e+00 1.200000000000000000e+01 9.650000000000000000e+02 0.000000000000000000e+00 7.000000000000000000e+00 0.000000000000000000e+00
0.000000000000000000e+00 9.000000000000000000e+00 1.900000000000000000e+01 0.000000000000000000e+00 9.000000000000000000e+00 0.000000000000000000e+00 0.000000000000000000e+00 1.003000000000000000e+03 5.000000000000000000e+00 1.700000000000000000e+01
2.000000000000000000e+00 1.900000000000000000e+01 1.700000000000000000e+01 1.600000000000000000e+01 4.000000000000000000e+00 1.200000000000000000e+01 5.000000000000000000e+00 1.000000000000000000e+00 8.470000000000000000e+02 1.900000000000000000e+01
6.000000000000000000e+00 1.000000000000000000e+01 8.000000000000000000e+00 1.500000000000000000e+01 1.500000000000000000e+01 4.000000000000000000e+00 1.000000000000000000e+00 1.600000000000000000e+01 1.100000000000000000e+01 9.130000000000000000e+02
